accuracy = 0.8556521739130435
f1 = 0.894177645558861
